zaxistype = depth_below_sea
size = 50 
levels = 5, 15, 25, 35, 45, 55, 65, 75.004997253418, 85.0250015258789, 
    95.0950012207031, 105.309997558594, 115.870002746582, 127.150001525879, 
    139.740005493164, 154.470001220703, 172.399993896484, 194.735000610352, 
    222.710006713867, 257.470001220703, 299.929992675781, 350.679992675781, 
    409.929992675781, 477.470001220703, 552.710021972656, 634.734985351562, 
    722.400024414062, 814.469970703125, 909.739990234375, 1007.15502929688, 
    1105.90502929688, 1205.53503417969, 1306.20495605469, 1409.15002441406, 
    1517.09497070312, 1634.17504882812, 1765.13500976562, 1914.15002441406, 
    2084.03491210938, 2276.22509765625, 2491.25, 2729.25, 2990.25, 3274.25, 
    3581.25, 3911.25, 4264.25, 4640.25, 5039.25, 5461.25, 5906.25
ubounds = 0, 5, 15, 25, 35, 45, 55, 65, 75.004997253418, 85.0250015258789, 
    95.0950012207031, 105.309997558594, 115.870002746582, 127.150001525879, 
    139.740005493164, 154.470001220703, 172.399993896484, 194.735000610352, 
    222.710006713867, 257.470001220703, 299.929992675781, 350.679992675781, 
    409.929992675781, 477.470001220703, 552.710021972656, 634.734985351562, 
    722.400024414062, 814.469970703125, 909.739990234375, 1007.15502929688, 
    1105.90502929688, 1205.53503417969, 1306.20495605469, 1409.15002441406, 
    1517.09497070312, 1634.17504882812, 1765.13500976562, 1914.15002441406, 
    2084.03491210938, 2276.22509765625, 2491.25, 2729.25, 2990.25, 3274.25, 
    3581.25, 3911.25, 4264.25, 4640.25, 5039.25, 5461.25
lbounds = 5, 15, 25, 35, 45, 55, 65, 75.004997253418, 85.0250015258789, 
    95.0950012207031, 105.309997558594, 115.870002746582, 127.150001525879, 
    139.740005493164, 154.470001220703, 172.399993896484, 194.735000610352, 
    222.710006713867, 257.470001220703, 299.929992675781, 350.679992675781, 
    409.929992675781, 477.470001220703, 552.710021972656, 634.734985351562, 
    722.400024414062, 814.469970703125, 909.739990234375, 1007.15502929688, 
    1105.90502929688, 1205.53503417969, 1306.20495605469, 1409.15002441406, 
    1517.09497070312, 1634.17504882812, 1765.13500976562, 1914.15002441406, 
    2084.03491210938, 2276.22509765625, 2491.25, 2729.25, 2990.25, 3274.25, 
    3581.25, 3911.25, 4264.25, 4640.25, 5039.25, 5461.25, 5906.25
